0003 01 00 00 00 D2 04 00 00 03 00 00 00 03 00 00 00 
0014 01 00 00 00 D2 04 00 00 14 00 00 00 03 00 00 00 
0025 01 00 00 00 D2 04 00 00 25 00 00 00 03 00 00 00 
0036 01 00 00 00 D2 04 00 00 36 00 00 00 03 00 00 00 
0047 01 00 00 00 D2 04 00 00 47 00 00 00 03 00 00 00 
0058 01 00 00 00 D2 04 00 00 58 00 00 00 03 00 00 00 
0069 01 00 00 00 D2 04 00 00 69 00 00 00 03 00 00 00 
007A 01 00 00 00 D2 04 00 00 7A 00 00 00 03 00 00 00 
008B 01 00 00 00 D2 04 00 00 8B 00 00 00 03 00 00 00 
009C 01 00 00 00 D2 04 00 00 9C 00 00 00 03 00 00 00 
00AD 01 00 00 00 D2 04 00 00 AD 00 00 00 03 00 00 00 
00BE 01 00 00 00 D2 04 00 00 BE 00 00 00 03 00 00 00 
00CF 01 00 00 00 D2 04 00 00 CF 00 00 00 03 00 00 00 
00E0 01 00 00 00 D2 04 00 00 E0 00 00 00 03 00 00 00 
00F1 01 00 00 00 D2 04 00 00 F1 00 00 00 03 00 00 00 
0102 01 00 00 00 D2 04 00 00 02 01 00 00 03 00 00 00 
0113 01 00 00 00 D2 04 00 00 13 01 00 00 03 00 00 00 
0124 01 00 00 00 D2 04 00 00 24 01 00 00 03 00 00 00 
0135 01 00 00 00 D2 04 00 00 35 01 00 00 03 00 00 00 
0146 01 00 00 00 D2 04 00 00 46 01 00 00 03 00 00 00 
0157 01 00 00 00 D2 04 00 00 57 01 00 00 03 00 00 00 
0168 01 00 00 00 D2 04 00 00 68 01 00 00 03 00 00 00 
0179 01 00 00 00 D2 04 00 00 79 01 00 00 03 00 00 00 
018A 01 00 00 00 D2 04 00 00 8A 01 00 00 03 00 00 00 
019B 01 00 00 00 D2 04 00 00 9B 01 00 00 03 00 00 00 
01AC 01 00 00 00 D2 04 00 00 AC 01 00 00 03 00 00 00 
01BD 01 00 00 00 D2 04 00 00 BD 01 00 00 03 00 00 00 
01CE 01 00 00 00 D2 04 00 00 CE 01 00 00 03 00 00 00 
01DF 01 00 00 00 D2 04 00 00 DF 01 00 00 03 00 00 00 
01F0 01 00 00 00 D2 04 00 00 F0 01 00 00 03 00 00 00 
0201 01 00 00 00 D2 04 00 00 01 02 00 00 03 00 00 00 
0212 01 00 00 00 D2 04 00 00 12 02 00 00 03 00 00 00 
0223 01 00 00 00 D2 04 00 00 23 02 00 00 03 00 00 00 
0234 01 00 00 00 D2 04 00 00 34 02 00 00 03 00 00 00 
0245 01 00 00 00 D2 04 00 00 45 02 00 00 03 00 00 00 
0256 01 00 00 00 D2 04 00 00 56 02 00 00 03 00 00 00 
0267 01 00 00 00 D2 04 00 00 67 02 00 00 03 00 00 00 
0278 01 00 00 00 D2 04 00 00 78 02 00 00 03 00 00 00 
0289 01 00 00 00 D2 04 00 00 89 02 00 00 03 00 00 00 
029A 01 00 00 00 D2 04 00 00 9A 02 00 00 03 00 00 00 
02AB 01 00 00 00 D2 04 00 00 AB 02 00 00 03 00 00 00 
02BC 01 00 00 00 D2 04 00 00 BC 02 00 00 03 00 00 00 
02CD 01 00 00 00 D2 04 00 00 CD 02 00 00 03 00 00 00 
02DE 01 00 00 00 D2 04 00 00 DE 02 00 00 03 00 00 00 
02EF 01 00 00 00 D2 04 00 00 EF 02 00 00 03 00 00 00 
0300 01 00 00 00 D2 04 00 00 00 03 00 00 03 00 00 00 
0311 01 00 00 00 D2 04 00 00 11 03 00 00 03 00 00 00 
0322 01 00 00 00 D2 04 00 00 22 03 00 00 03 00 00 00 
0333 01 00 00 00 D2 04 00 00 33 03 00 00 03 00 00 00 
0344 01 00 00 00 D2 04 00 00 44 03 00 00 03 00 00 00 
